h      | Tr MAE       | Te MAE       | Zero MAE     | Lo MAE       | Lo Zero MAE 
---------------------------------------------------------------------------
0.80   | 5.68e-02 | 1.65e-01 | 1.82e-01 | 7.29e-02 | 1.08e-01
0.70   | 3.82e-02 | 1.27e-01 | 1.64e-01 | 5.17e-02 | 1.00e-01
0.60   | 2.46e-02 | 1.29e-01 | 1.27e-01 | 3.21e-02 | 4.78e-02
0.50   | 1.41e-02 | 4.51e-02 | 4.66e-02 | 1.67e-02 | 1.97e-02
0.40   | 6.24e-03 | 2.60e-02 | 3.53e-02 | 1.04e-02 | 1.48e-02
0.30   | 2.60e-03 | 1.40e-02 | 2.33e-02 | 5.91e-03 | 6.58e-03
#0.20   | 6.92e-04 | 9.38e-03 | 1.73e-02 | 5.14e-03 | 7.47e-03
#0.10   | 1.13e-04 | 3.98e-03 | 7.75e-03 | 3.14e-03 | 4.23e-03
#0.08   | 1.69e-04 | 3.17e-03 | 6.58e-03 | 2.42e-03 | 4.85e-03
#0.06   | 9.65e-05 | 2.16e-03 | 4.66e-03 | 2.04e-03 | 3.98e-03
#0.04   | 3.30e-05 | 1.54e-03 | 3.21e-03 | 1.13e-03 | 3.43e-03
